0 0.263966 0.285863 0.069832 0.064449
0 0.370112 0.308732 0.055866 0.060291
0 0.456006 0.288981 0.054469 0.062370
0 0.532123 0.327443 0.050279 0.051975
0 0.692039 0.277547 0.060056 0.056133
0 0.814944 0.281705 0.068436 0.064449
1 0.209497 0.720374 0.055866 0.155925
1 0.405726 0.660083 0.062849 0.093555
1 0.421089 0.659044 0.060056 0.087318
1 0.586592 0.702703 0.055866 0.133056
1 0.646648 0.549896 0.050279 0.097713
1 0.678073 0.466736 0.099162 0.093555
1 0.828911 0.790021 0.085196 0.178794
0 0.144553 0.238046 0.037709 0.043659
2 0.233240 0.549896 0.203911 0.792100
2 0.355447 0.559252 0.230447 0.760915
2 0.449721 0.517672 0.145251 0.681913
2 0.557961 0.569647 0.146648 0.752599
2 0.697626 0.538462 0.177374 0.798337
2 0.845670 0.540541 0.236034 0.802495
